Old=[1.4431446838124946, 1.1522453667178134, 1.5315801737430343, 3.139411418794252, 4.665552142939577, 5.016301450760478, 31.197235944534583]
New=[1.3761568413427658, 1.1055329838738677, 1.5621739563763146, 2.5157407963390885, 2.897939046854658, 2.9761165043113778, 47.98736009586364]